9066
571
22962
18110
30643
17717
8572
19567
8627
8002
28531
8566
27672
20707
24669
5265
15225
31206
27681
30747
10903
21655
1068
22239
15331
12597
28947
27434
17472
17827
13178
3108
29449
9568
27700
1375
6998
30137
4012
3249
8827
12861
26755
19007
14290
5490
11642
9947
14779
31174
11923
21648
27616
18120
23923
17786
25278
16024
13579
1243
18529
16284
17527
9836
24174
20085
24870
16369
24935
31794
17468
8464
12587
31939
5940
15715
25276
432
13258
31948
8005
11531
6936
26121
29788
12451
26623
22408
31108
28026
16584
17020
28406
10105
3083
7216
14753
8547
27856
31131
24687
13576
18933
2358
28362
15291
25808
24330
24671
23301
17172
18189
31265
2459
28665
4526
13457
24718
22679
3759
6973
3266
18323
10803
17799
29857
17406
24600
19624
26128
22394
31110
25333
24738
32671
18632
28768
20492
20125
22363
22593
19162
32546
14917
19543
10592
32638
168
20745
2290
14341
28823
22258
3928
4276
1576
3485
636
31256
26827
21389
2150
32108
19162
26497
9066
6146
26481
16118
16032
26084
4735
9708
24213
24506
3869
3053
19008
12270
8223
8780
16440
25359
1769
12203
3108
30579
25733
15551
4210
4129
12530
32344
6220
20205
15550
8347
1479
6629
28887
22418
12382
20460
16542
22760
1952
12453
573
8941
20005
31635
8506
13536
198
2686
24397
7278
15885
27416
5999
31862
16875
15328
14132
28943
18857
20551
25178
29900
29729
24593
29858
11071
29230
17919
21982
13499
7009
4523
21580
28510
15094
28851
31010
18767
10502
13081
2922
2117
1022
28394
13584
10825
7759
1822
32314
17340
29799
6592
4823
32411
16097
6479
1659
7938
29944
5475
2666
12527
21314
30355
18931
17225
15003
12695
24831
21537
31582
13738
8425
21047
24796
6706
6032
22464
4358
20387
3243
614
5229
22433
26973
3217
6765
18533
15882
3045
19876
8033
23144
30988
19625
10023
11225
25781
6907
29831
22008
32220
7736
16119
14705
19788
31632
6201
23831
19043
27000
18231
27952
11542
18851
18994
17683
8500
7982
17435
14070
16111
13595
22849
1537
27800
2304
16173
18087
3498
19968
970
6453
8970
7163
20426
29355
16525
7938
10308
26572
31675
23310
29602
11889
14291
22513
17850
18722
29455
18828
14139
4327
31016
2115
19531
4444
7965
28078
11886
27396
27697
27025
15786
12255
21554
25359
15593
28223
26369
14874
7582
24023
6479
32046
11947
25365
2725
10047
12931
23730
27815
31216
8331
28551
28569
18437
5575
17570
22562
17435
14514
28057
8784
10134
5229
25374
21981
17884
12060
20948
28593
24513
24462
10593
1191
19265
9756
8645
404
17269
3283
10986
11398
29888
21205
31355
19273
6474
26364
11258
4912
14767
30145
9997
17937
26104
3676
16409
8338
31434
9005
18194
32163
18141
26971
30866
21324
9392
23483
1320
27817
23675
25843
8946
1331
25190
29919
23918
10560
17656
1331
6029
32718
24530
20834
29705
24956
9885
17855
6137
24793
7233
27106
31651
10209
19031
19022
15761
20165
19682
9553
11239
4075
17977
24363
30707
32054
20296
370
18438
6791
14328
18868
7042
388
11244
2911
13621
29336
3950
26846
32741
30522
10409
10245
8492
31091
26904
9647
11911
29850
27454
11429
14505
9059
30872
13250
8469
20248
11216
18261
28139
9253
819
8647
4098
12250
30565
14206
20280
27501
27219
14848
20742
30782
618
22108
27992
29023
17927
12998
17819
30292
2862
28545
21015
21271
3966
12034
22911
26976
19556
26962
1734
16162
23440
3764
4405
22105
32677
15752
10939
12803
9525
3951
10372
11372
28652
16816
6604
687
10251
15578
16630
14714
7192
16299
8920
16145
19156
12593
8282
28310
26990
24111
20031
22663
6646
9666
32578
29832
26132
22852
13413
8291
20986
21361
26502
4173
7063
2760
25651
5227
31246
9012
8895
22420
29030
17132
22933
31577
3715
11928
14541
13634
8021
28853
1021
20827
15183
4154
32338
15855
12315
6780
23775
1172
9868
1103
13108
21607
5076
9838
3635
409
19191
22813
12575
7723
17023
29452
10486
4085
25202
12159
10753
18413
28289
16300
27561
32422
24706
2916
30348
6679
18208
25846
6352
8350
31953
13393
29879
23877
19209
23912
23924
6467
19886
26075
30270
3782
10955
7635
18338
30959
29320
20525
16157
25886
15194
15836
19690
10609
20087
26760
5145
9351
30861
28795
24801
10890
21171
2494
22839
17260
6048
19583
7071
7792
22810
25782
16451
24301
10674
25865
28738
9807
3759
16620
1866
32606
20040
12812
29545
3779
28182
3310
18208
11463
30152
18643
12730
19551
18969
16096
20955
21350
13311
25723
5724
18473
26661
1272
8534
30760
8860
15989
24957
31771
10958
17922
21936
15668
21427
14086
11982
24484
19527
29150
17354
13920
21563
19910
3074
9253
10474
8701
5068
3513
16016
27172
8018
16757
6582
2535
28577
30720
23793
29664
24060
21085
24268
14264
16758
31016
23555
15248
21184
16668
6642
9375
575
30937
3404
13084
29793
17380
22800
5470
6194
9968
14777
30274
3114
10588
12470
19149
17737
12284
1049
8978
11367
29980
26259
598
9669
16834
23456
627
14055
19508
11263
18042
16038
24506
32357
156
29569
12709
26738
3915
7220
1936
3044
30108
13964
4838
5131
13040
121
9637
10109
15827
5989
9313
8714
9764
8644
22923
10994
8823
14060
3571
31574
3255
31015
2700
26861
4624
5639
26479
2296
6667
8442
19491
32632
10491
31774
1308
20126
16793
17239
4737
14979
2539
28062
5171
5401
14186
6300
14090
1634
1635
12919
1890
9439
16542
30188
19670
29260
5950
27806
21323
4234
21480
27565
17713
17117
9511
16011
31493
3927
2575
29707
25626
5268
8481
443
27802
26536
24175
12660
1223
3670
27905
3375
11655
27011
16246
15642
11808
9193
5102
3052
22336
30992
28456
1397
30528
26746
21224
25465
25513
10526
13212
15550
15352
28953
28990
10852
18846
26015
22396
22389
8523
18231
26903
11965
26988
11816
31369
6876
27123
27438
24554
3225
18774
24690
12820
15225
6874
26297
28422
21649
8721
4828
31110
2968
28577
28536
15371
16960
15176
32486
29401
14790
7965
6510
24942
712
6169
31671
30493
8024
28629
6530
9977
2894
29589
2200
30452
7906
7302
6145
2632
32634
3396
26487
11030
4800
2207
4891
5965
10232
17823
18278
5326
19345
17606
20833
4302
30969
